"symbol" "AS2.logFC.30" "AS2.q.30" "AS2.logFC.60" "AS2.q.60" "AS2.logFC.120" "AS2.120.q" "KAN.logFC.30" "KAN.q.30" "KAN.logFC.60" "KAN.q.60" "KAN.logFC.120" "KAN.120.q" "REV.logFC.30" "REV.q.30" "REV.logFC.60" "REV.q.60" "REV.logFC.120" "REV.120.q" "STM.logFC.30" "STM.q.30" "STM.logFC.60" "STM.q.60" "STM.logFC.120" "STM.120.q" "WT.logFC.30" "WT.q.30" "WT.logFC.60" "WT.q.60" "WT.120.logFC" "WT.120.q"
"AT1G01720" "NAC002" 0.193 0.877 0.459 0.444 0.472 0.339 1.08 0.005 1.389 0.002 1.853 0.002 -0.235 0.94 0.349 0.805 0.909 0.015 -0.021 0.987 0.422 0.309 0.612 0.066 0.239 0.999 0.488 0.763 0.696 0.283
"AT1G13520" "AT1G13520" 1.509 0.08 3.702 0.004 2.763 0.004 0.803 0.358 2.785 0.002 2.593 0.002 -0.59 0.843 1.287 0.072 1.478 0.023 0.761 0.18 1.001 0.038 1.93 0.002 1.92 0.025 2.55 0.015 2.455 0.015
"AT1G14870" "PCR2" 1.152 0.004 2.067 0.004 1.229 0.004 0.6 0.091 1.273 0.002 1.384 0.002 0.832 0.023 1.712 0.005 2.352 0.005 1.053 0.002 0.768 0.009 1.261 0.002 1.04 0.015 1.512 0.015 1.565 0.015
"AT1G19020" "AT1G19020" 1.145 0.004 1.715 0.004 1.674 0.004 1.042 0.002 2.127 0.002 1.946 0.002 0.684 0.113 0.802 0.018 0.921 0.005 1.566 0.002 0.672 0.022 2.123 0.002 1.96 0.015 1.631 0.015 1.976 0.015
"AT1G21100" "AT1G21100" 0.514 0.467 1.184 0.004 0.532 0.331 0.729 0.008 1.72 0.002 1.114 0.002 -0.185 0.963 1.049 0.049 0.514 0.521 0.216 0.731 -0.019 0.987 0.914 0.002 1.006 0.015 1.343 0.015 0.844 0.025
"AT1G21110" "AT1G21110" 2.18 0.004 2.568 0.004 2.076 0.004 1.955 0.002 3.234 0.002 2.545 0.002 0.088 0.997 2.241 0.005 1.263 0.005 1.072 0.002 0.298 0.492 1.828 0.002 2.184 0.015 1.991 0.015 1.708 0.015
"AT1G21120" "AT1G21120" 2.939 0.004 3.592 0.004 3.212 0.004 2.941 0.002 4.406 0.002 3.843 0.002 0.201 0.948 2.117 0.005 1.234 0.005 1.744 0.002 0.684 0.019 2.372 0.002 2.758 0.015 2.6 0.015 2.317 0.015
"AT1G26380" "AT1G26380" 1.659 0.004 3.267 0.004 2.855 0.004 3.016 0.002 5.047 0.002 4.83 0.002 -0.468 0.665 2.177 0.005 2.271 0.005 1.361 0.002 0.852 0.004 3.052 0.002 2.171 0.015 2.802 0.015 2.957 0.015
"AT1G26410" "AT1G26410" 2.358 0.008 3.725 0.004 3.255 0.004 1.044 1 4.034 0.002 3.833 0.002 -1.055 0.397 1.629 0.005 1.724 0.005 1.474 0.006 0.453 0.625 2.678 0.002 1.172 1 2.051 0.033 2.336 0.015
"AT1G30700" "AT1G30700" 0.723 0.1 1.7 0.004 0.893 0.004 0.789 0.025 1.761 0.002 1.248 0.002 0.377 0.786 1.235 0.005 0.865 0.035 0.688 0.021 0.582 0.064 0.438 0.243 0.495 0.551 1.234 0.015 0.76 0.048
"AT1G53990" "GLIP3" 0.63 0.52 2.016 0.004 0.955 0.123 0.953 0.203 2.134 0.002 1.761 0.002 0.822 0.678 3.202 0.005 2.524 0.005 1.124 0.06 1.209 0.038 2.095 0.002 1.046 0.338 1.952 0.015 1.741 0.015
"AT2G30750" "CYP71A12" 1.518 0.004 3.048 0.004 3.376 0.004 1.059 0.135 3.237 0.002 4.151 0.002 -0.961 0.084 -0.048 0.999 1.254 0.005 2.487 0.002 0 0.996 2.927 0.002 2.206 0.015 2.217 0.015 3.785 0.015
"AT2G44130" "AT2G44130" 0.552 0.416 2.134 0.004 2.622 0.004 1.103 0.006 2.193 0.002 3.145 0.002 0.878 0.192 1.701 0.005 2.082 0.005 0.955 0.004 1.973 0.002 2.574 0.002 1.037 0.015 2.064 0.015 2.659 0.015
"AT2G44370" "AT2G44370" 0.882 0.171 1.831 0.004 1.104 0.02 1.182 0.002 1.129 0.005 1.192 0.002 0.959 0.046 1.804 0.005 1.284 0.005 0.962 0.002 0.576 0.165 0.202 0.8 0.644 0.34 0.663 0.308 0.871 0.041
"AT3G13310" "AT3G13310" 1.583 0.004 1.796 0.004 3.006 0.004 2.794 0.002 3.347 0.002 4.274 0.002 1.552 0.005 2.709 0.005 3.095 0.005 0.638 0.068 2.13 0.002 2.896 0.002 1.318 0.015 2.004 0.015 2.483 0.015
"AT3G22060" "CRRSP38" 0.844 0.06 1.67 0.004 2.369 0.004 1.157 0.002 0.849 0.015 1.451 0.002 -0.189 0.96 0.314 0.771 1.414 0.005 0.437 0.285 0.15 0.841 1.17 0.002 0.312 0.977 0.324 0.947 1.631 0.015
"AT3G22800" "LRX6" 0.458 0.455 1.364 0.004 0.246 0.776 0.184 0.856 -0.172 0.876 0.789 0.019 0.041 0.999 1.255 0.005 0.299 0.868 0.172 0.81 -0.308 0.563 0.708 0.023 1.206 0.015 -0.082 0.999 1.062 0.015
"AT4G12400" "HOP3" -2.101 0.004 -1.235 0.004 -2.008 0.004 -1.373 0.002 -1.136 0.002 -0.628 0.041 -1.05 0.005 -0.847 0.012 -0.263 0.817 -1.483 0.002 -1.114 0.002 -0.897 0.002 -0.999 0.015 -0.646 0.201 -0.832 0.033
"AT4G20780" "CML42" 0.841 0.035 1.175 0.004 0.763 0.022 0.798 0.005 1.458 0.002 0.874 0.002 0.774 0.058 1.192 0.005 0.749 0.046 0.722 0.011 0.329 0.444 1.063 0.002 0.881 0.015 0.695 0.081 0.746 0.033
"AT4G22710" "CYP706A2" 1.602 0.004 1.395 0.004 0.871 0.008 2.154 0.002 3.376 0.002 2.199 0.002 -0.063 0.999 1.968 0.005 1.296 0.005 0.482 0.171 -0.916 0.006 1.666 0.002 2.14 0.015 1.531 0.015 0.827 0.072
"AT4G33560" "AT4G33560" 0.448 0.463 -1.263 0.004 -0.645 0.076 -0.305 0.568 -0.554 0.13 -1.156 0.002 0.182 0.956 -0.899 0.005 -2.093 0.005 0.658 0.006 -0.23 0.658 -0.76 0.004 0.085 0.999 -0.558 0.311 -0.543 0.333
"AT4G34135" "UGT73B2" 0.093 0.957 -0.605 0.117 0.885 0.011 1.071 0.002 1.234 0.002 1.714 0.002 -0.583 0.28 -0.151 0.965 0.756 0.03 0.474 0.217 -0.085 0.923 1.275 0.002 0.364 0.999 0.454 0.659 0.866 0.015
"AT4G38620" "MYB4" 1.125 0.004 1.153 0.004 1.15 0.004 1.383 0.002 1.751 0.002 1.568 0.002 1.108 0.005 1.363 0.005 1.411 0.005 0.783 0.002 0.713 0.002 1.158 0.002 1.101 0.015 0.921 0.015 1.082 0.015
"AT5G12110" "AT5G12110" -2.835 0.004 -1.548 0.004 -2.19 0.004 -1.725 0.002 -1.309 0.002 -0.54 0.165 -0.999 0.005 -0.669 0.076 -0.547 0.246 -1.734 0.002 -1.224 0.002 -1.154 0.002 -1.169 0.048 -0.675 0.523 -0.795 0.323
"AT5G27420" "ATL31" 1.299 0.004 1.794 0.004 1.159 0.004 1.377 0.002 1.875 0.002 1.996 0.002 0.207 0.936 1.03 0.005 0.754 0.033 0.53 0.08 0.19 0.727 0.781 0.002 1.34 0.015 1.418 0.015 1.185 0.015
"AT5G39580" "PER62" 1.151 0.004 1.904 0.004 1.449 0.004 1.179 0.002 1.817 0.002 1.55 0.002 -0.371 0.719 0.945 0.03 0.842 0.051 -0.244 0.603 -0.98 0.002 0.707 0.005 0.42 0.708 0.24 0.999 0.737 0.033
"AT5G44585" "AT5G44585" 1.178 0.004 1.785 0.004 0.879 0.027 1.133 0.002 1.747 0.002 1.986 0.002 0.947 0.009 1.488 0.005 1.882 0.005 0.85 0.006 0.098 0.917 0.713 0.033 1.151 0.015 0.853 0.09 1.379 0.015
"AT5G48490" "AT5G48490" -0.7 0.115 0.84 0.035 0.724 0.028 0.065 0.964 1.365 0.002 1.191 0.002 1.719 0.005 1.064 0.005 -0.057 0.999 0.676 0.012 0.27 0.536 0.524 0.081 0.518 0.522 -0.044 0.999 0.873 0.015
"AT5G48540" "CRRSP55" 0.212 0.855 0.722 0.061 1.145 0.004 0.713 0.061 0.902 0.012 1.119 0.002 -0.106 0.994 0.777 0.038 0.99 0.005 1.15 0.002 0.427 0.329 1.432 0.002 0.754 0.098 0.688 0.214 1.435 0.015
"AT5G48570" "FKBP65" -1.991 0.004 -1.109 0.004 -1.99 0.004 -1.303 0.002 -1.563 0.002 -0.76 0.002 -1.374 0.005 -1.263 0.005 -0.368 0.606 -2.099 0.002 -1.36 0.002 -1.238 0.002 -1.405 0.015 -0.6 0.379 -0.852 0.025
"AT5G52640" "HSP81-1" -2.37 0.004 -1.085 0.004 -1.619 0.004 -0.616 0.057 -1.148 0.002 -0.024 0.992 -1.348 0.005 -1.258 0.005 -0.645 0.118 -1.641 0.002 -1.123 0.002 -0.796 0.002 -0.971 0.015 -0.133 0.999 -0.483 0.603
"AT5G52670" "AT5G52670" 1.632 0.078 3.432 0.004 2.51 0.004 1.08 0.22 2.087 0.006 2.32 0.002 1.774 0.08 3.011 0.005 3.679 0.005 0.567 0.585 0.139 0.95 3.616 0.002 2.398 0.06 1.218 0.629 2.781 0.041
"AT5G57220" "CYP81F2" 1.686 0.004 3.094 0.004 2.722 0.004 1.931 0.002 3.079 0.002 3.159 0.002 -0.34 0.814 0.853 0.058 1.105 0.005 1.654 0.002 0.988 0.002 2.867 0.002 1.464 0.015 1.923 0.015 2.242 0.015
"AT5G64905" "PEP3" 2.981 0.011 3.264 0.004 2.899 0.004 1.327 0.051 2.096 0.002 2.192 0.002 1.068 0.27 1.229 0.086 1.509 0.035 1.377 0.006 -0.188 0.892 1.439 0.005 1.872 0.041 1.091 0.473 1.778 0.06
